Lab 08 answers:

[a-e]: 10,9,8,7,6,5,4,3,2,1,
Q1.10,9,8,7,6,5,4,3,2,1,
Q2.1,2,4,3,6,5,8,10,7,9,
Q3.0,1,4,3,2,5,8,10,7,9,6,
Q4.2,3,4,7,6,5,8,10,9,

[f-j]: 9,10,7,6,5,8,4,3,1,2,
Q1.9,10,7,6,5,8,4,3,1,2,
Q2.1,2,4,3,5,8,7,10,6,9,
Q3.0,1,4,3,2,8,7,10,6,9,5,
Q4.2,3,4,6,5,8,7,10,9,

[k-o]: 7,10,11,9,8,6,5,4,1,2,3,
Q1.7,10,11,9,8,6,5,4,1,2,3,
Q2.1,2,5,4,3,6,11,10,9,8,7,
Q3.0,2,1,4,3,5,11,10,9,8,7,6,
Q4.2,3,5,4,7,6,11,10,9,8,

[p-t]: 15,11,9,10,8,6,5,4,1,3,2,
Q1.15,11,9,10,8,6,5,4,1,3,2,
Q2.1,2,5,4,3,6,9,11,10,15,8,
Q3.0,2,1,4,3,5,9,11,10,15,8,6,
Q4.2,3,5,4,8,6,9,11,10,15,

[u-z]: 11,14,9,8,10,6,4,5,2,3,1,
Q1.11,14,9,8,10,6,4,5,2,3,1,
Q2.1,2,4,5,3,6,9,11,8,14,10,
Q3.0,2,1,5,3,4,9,11,8,14,10,6,
Q4.2,3,4,5,10,6,9,11,8,14,
